name: fgsm
epsilon: 0.00784313725490196
step_size: 0.00784313725490196
steps: 1
clamp_min: 0.0
clamp_max: 1.0
random_start: false
targeted: false
loss_name: cross_entropy
ignore_index: 255
